2304073
2402521
2541950
2447921
2470563
2198943
1656920
2535849
2542245
2462490
2451930
2378122
2264836
2417172
2418483
2509699
2531091
2538474
2545159
2361544
2279441
2401472
2544714
2481621
1370528
2149640
2530631
2494398
2524459
2529471
2449677
2548532
2508518
2538340
2536479
2319020
2548216
2091681
2405826
2524055
2482645
2542865
2154107
2456352
2525005
2525316
2451267
2535190
2528265
2297443
2524297
2496552
2454708
2288250
2536993
2337848
2518770
2543417
2450870
2169456
2512633
310297
2413358
2232971
2524842
2526702
2530761
2549511
2530832
2543358
2545581
2545919
2233100
2430798
2541160
2527172
2514159
2521025
2541759
2378237
2409171
636296
1030023
2332074
1040472
887145
998885
941874
1366006
680383
1724352
893763
1700495
1733312
1489449
1059581
2254284
281975
315159
2047944
2110847
1827351
90935
514965
2237460
2278186
2272633
838642
696524
2158411
457187
1372046
1118549
1137280
37558
1084900
1935569
2141945
231911
471285
1880627
184534
2135377
545889
245945
2229712
2403478
2499356
2553087
2364480
2447313
2553374
2436667
2382290
2388720
2552966
1938622
1665873
2544376
2445283
2547677
2520437
2553359
2549421
2444317
2454327
2553353
2500335
2449912
2513884
2491871
2530005
2230005
2544758
2552656
2194841
2524463
2553329
2553325
2553320
2553240
2552934
2496138
2451839
2389995
2067096
2552802
2553286
2553298
2539089
2549482
2524027
2477071
2546403
2553381
2542651
2545578
2552986
1768176
2551457
2552958
2553375
1882051
2550424
2550207
2553146
2550940
2545531
2552486
2553369
2103389
2515283
2553360
2553363
2553350
2552526
2553351
2287216
2548751
2552967
2533300
2553248
2553317
2196394
2552993
2244402
2553330
2553316
2524253
2219321
1768170
2539504
2492722
2535996
2471870
2539495
2537734
2539490
2539132
2529518
2260222
2476975
2519571
2539472
2539312
2378837
2539471
2539459
2539464
2539451
2498490
2521472
2539444
2539447
2249636
2312135
2539441
2480494
2539433
2539084
2539434
2321255
2536781
2497295
2538007
2539417
2539131
2318735
2530620
2539410
2539489
1885473
2420394
2304323
2507294
2490054
2529048
2501358
2375045
2470860
2497691
2482706
1661057
2525124
1955279
2529528
2527292
1824931
530556
2533250
1594878
2467754
2507891
2354550
2461066
2507834
2498028
2530535
2481003
2526488
2398852
440915
2537168
2530140
2516307
2186091
1734588
2421448
2527061
2131276
2515834
2508831
2446336
2467422
2485967
2520469
355442
2492775
2387773
2223316
2000466
2524801
2542621
2047718
2418626
2455699
2539411
2203734
2535534
2516429
2168709
2500996
2534845
2549327
2534231
2502107
2510174
2264801
2490508
2533857
2534385
2517984
2075722
2397639
2479858
2499231
1052957
2490148
2519643
2485458
2474689
2542083
2354615
1327515
1263734
754188
570242
1230293
2183883
1989529
2328994
2343727
2012644
1125612
1048233
2159322
1901991
1632762
1632872
2354610
2410747
1712580
1850669
1692990
1978895
816696
1963585
1690950
549794
1057703
1208672
1122790
1293146
1352124
1695555
1963887
1786298
1069209
597095
1981370
720163
1142451
813509
1754808
1119406
2553230
2553368
2546562
2502982
2533885
2547664
2491607
2553291
2512253
2553276
2279555
2553271
2538948
2553237
2242219
2551649
2539113
2518228
2553153
2495501
2553163
2552409
2482951
2552949
2243628
2547970
2541754
1245730
2542750
2484848
2061065
2499398
2552373
2551268
2553024
2553380
2066866
2494554
2209684
2553264
2545685
2553228
2553225
2550678
2552301
2358194
2526982
2458895
2543182
2525802
2409109
2527072
1167145
2413661
2553034
2553065
2553000
2551037
1866926
2515919
2552519
2547898
751521
2480749
2552886
2551248
2450348
2097103
2552697
2552977
2398108
2552829
2502991
2552823
2550555
2553382
2539343
2539448
2538985
2539371
2539353
2479021
2473587
2539149
2530982
2539261
2522192
2405611
2538834
2539176
2539142
2514233
2350890
2417681
2539055
2220040
2538799
2008918
2538947
2538945
2538447
2538940
2492386
2538897
2538895
2523274
2538854
2520008
2538833
2538830
2538828
571210
2538827
2538825
2455398
2527173
2483647
2526944
2523532
2331259
2463828
2316177
2444297
2538431
2465920
